/*--------------------------------*- C++ -*----------------------------------*\
| =========                 |                                                 |
| \\      /  F ield         | OpenFOAM: The Open Source CFD Toolbox           |
|  \\    /   O peration     | Version:  2412                                  |
|   \\  /    A nd           | Website:  www.openfoam.com                      |
|    \\/     M anipulation  |                                                 |
\*---------------------------------------------------------------------------*/
FoamFile
{
    version     2.0;
    format      ascii;
    arch        "LSB;label=32;scalar=64";
    class       faceSet;
    location    "constant/polyMesh/sets";
    object      lowVolRatioFaces;
}
// * * * * * * * * * * * * * * * * * * * * * * * * * * * * * * * * * * * * * //


206
(
86055
86062
86067
86068
86069
86077
86085
86089
86096
86097
86100
86101
86107
86108
86111
86112
86119
86121
86126
86129
86130
86136
86139
86142
86151
86153
86155
86157
86162
86164
86166
86278
86281
86290
86295
86298
86299
86301
86306
86309
86313
86314
86316
86324
86329
86333
86337
86340
86342
86346
86349
86350
86436
86444
86472
86480
86481
86482
86488
86491
86495
86498
86506
86509
86511
86512
86516
86518
86530
86532
86537
86546
86553
86558
86559
86562
86565
86569
86570
86572
86576
86579
86580
86602
86634
86946
86953
86957
86958
86972
86979
86980
86989
86991
86995
86999
87003
87006
87193
87201
87204
87205
87209
87212
87213
132716
91758
132728
132741
91782
132744
132745
83645
87744
87748
87749
87750
87761
87766
87768
87771
87773
91915
91920
91921
91924
91935
91940
91942
83779
83835
83837
83838
83852
83854
83895
83896
239935
240059
240651
240656
240678
240688
240690
134203
240704
134210
134215
134218
134223
134234
134240
134242
134252
134253
134259
134262
134263
240876
240878
240886
240893
240898
240902
240906
240909
240910
240942
241001
241045
241048
241049
11720
85466
11739
11743
85472
11744
11745
85476
85478
85486
85493
85499
85506
85507
85512
85514
85515
85521
85527
85531
85535
85539
85543
85546
85547
134984
134988
134989
134990
135001
135006
135007
135008
135009
)


// ************************************************************************* //
