(			
(	0	0		)
(	0.01	0.0000031	)
(	0.02	0.000011	)
(	0.03	0.0000262	)
(	0.04	0.0000489	)
(	0.05	0.0000785	)
(	0.06	0.0001114	)
(	0.07	0.0001431	)
(	0.08	0.0001715	)
(	0.09	0.0001944	)
(	0.1	0.0002109	)
(	0.11	0.0002218	)
(	0.12	0.0002283	)
(	0.13	0.0002312	)
(	0.14	0.0002309	)
(	0.15	0.0002288	)
(	0.16	0.0002253	)
(	0.17	0.0002205	)
(	0.18	0.0002143	)
(	0.19	0.0002074	)
(	0.2	0.0001998	)
(	0.21	0.0001916	)
(	0.22	0.0001829	)
(	0.23	0.0001738	)
(	0.24	0.0001643	)
(	0.25	0.0001544	)
(	0.26	0.0001442	)
(	0.27	0.0001335	)
(	0.28	0.0001219	)
(	0.29	0.0001099	)
(	0.3	0.0000975	)
(	0.31	0.0000851	)
(	0.32	0.0000728	)
(	0.33	0.0000615	)
(	0.34	0.0000516	)
(	0.35	0.0000439	)
(	0.36	0.0000381	)
(	0.37	0.0000343	)
(	0.38	0.0000321	)
(	0.39	0.0000313	)
(	0.4	0.0000318	)
(	0.41	0.0000327	)
(	0.42	0.0000335	)
(	0.43	0.0000337	)
(	0.44	0.0000332	)
(	0.45	0.0000323	)
(	0.46	0.000031	)
(	0.47	0.0000297	)
(	0.48	0.0000285	)
(	0.49	0.0000273	)
(	0.5	0.0000263	)
(	0.51	0.0000252	)
(	0.52	0.000024	)
(	0.53	0.0000231	)
(	0.54	0.0000226	)
(	0.55	0.0000226	)
(	0.56	0.000023	)
(	0.57	0.0000241	)
(	0.58	0.0000253	)
(	0.59	0.0000255	)
(	0.6	0.0000246	)
(	0.61	0.0000224	)
(	0.62	0.0000187	)
(	0.63	0.0000143	)
(	0.64	0.0000094	)
(	0.65	0.0000051	)
(	0.66	0		)
				);